image: subMap1.pgm
resolution: 0.050000
origin: [-77.987465, -19.223609, 0.000000]
negate: 0
occupied_thresh: 0.65
free_thresh: 0.196

