image: submap_0.pgm
resolution: 0.050000
origin: [-21.646392, -9.321657, 0.000000]
negate: 0
occupied_thresh: 0.65
free_thresh: 0.196

