x: 1064.099975585938
y: 136.8000030517578
z: 0

roll : 0
pitch: 0
yaw  : 2.226167440414429

scale: 0.7
