image: submap_0.pgm
resolution: 0.050000
origin: [-11.420409, -15.902265, 0]
negate: 0
occupied_thresh: 0.65
free_thresh: 0.196

